intrinsic:
1066.66502661393 0.0 1119.4909665065322 
0.0 1063.6570962590774 629.3821854728174 
0.0 0.0 1.0 
distortion:
-0.060772274662526264 -0.11820487910997357 -0.0014579244013007535 0.0027041104584695614 0.15460443215454192 
