intrinsic:
1458.3384937575147 0.0 1167.0585952705796 
0.0 1458.4274385190565 666.236960263655 
0.0 0.0 1.0 
distortion:
-0.2711006098336138 1.7246495060003024 -0.001405097435736606 -0.009334093999977807 -4.066776967162031 
