intrinsic:
1070.87 0.0 1118.71
0.0 1071 630.682
0.0 0.0 1.0
distortion:
-0.0498299 0.0218819 -0.000495169 -0.000199094 -0.0089534
