intrinsic:
1222.6294938166884 0.0 1119.6524167190657 
0.0 1225.8097758795511 565.4377818045568 
0.0 0.0 1.0 
distortion:
-0.13653171988086346 0.2801538979085579 -0.001058831665065896 -0.0022890014176664172 -0.2638417352281936 
