intrinsic:
1066.2925560010465 0.0 1110.7023329165681 
0.0 1062.4175237466382 644.367286559288 
0.0 0.0 1.0 
distortion:
-0.0776402133907842 -0.08124706810363115 -0.0016744846494018285 0.002536718770134988 0.5580110104214158 
