intrinsic:
1069.04 0.0 1109.62
0.0 1069.27 652.323
0.0 0.0 1.0
distortion:
-0.0497418 0.0225442 0.000193147 -0.000293798 -0.00939397
