intrinsic:
1092.8433216392314 0.0 1119.3754252904714 
0.0 1093.298997075001 637.011731935385 
0.0 0.0 1.0 
distortion:
-0.10565711358010652 0.0745786346126447 0.0008436664422543947 -0.005153722810054045 -0.0232192119838406 
