intrinsic:
919.227088273784 0.0 1034.473902746015 
0.0 913.1856906905732 661.025286924217 
0.0 0.0 1.0 
distortion:
-0.007116320863615995 -0.23049117960313947 -0.001459903619810072 0.0020924498041210537 0.26876422556087115 
